593744
694349
864079
289283
305684
273027
944798
804620
382827
471499
319495
378464
642995
692300
834534
606934
292680
489895
669320
130037
974586
593001
965384
902261
421031
189250
583141
999611
184721
124979
574169
468502
407004
362917
327092
979925
824460
348419
418334
429373
599665
742942
399952
635872
310028
400292
487245
604683
238522
231974
498305
209702
521862
899967
417184
821170
635852
688282
207070
946961
486507
123732
717164
315983
581962
413018
503077
719455
821723
144915
538565
386366
727370
295221
902208
100706
598859
171340
663570
718319
236142
822490
355637
287233
836194
838532
276131
878803
290849
457176
354270
235071
952411
233193
667250
520045
375712
522022
881766
540939
